Start time:		    13:12:32
SSD_THRESHOLD:		0.45
RATIO_THRESHOLD:	0.8

img1      img2      1st SSD        2nd SSD        Ratio            Match?  
3         3         0.175298       0.242758       0.722111           X     
25        10        0.301386       0.377665       0.798025           X     
33        14        0.249743       0.447225       0.558428           X     
145       28        0.418239       0.445826       0.938123       
146       28        0.369143       0.380843       0.969280       
161       2011      0.444898       0.445213       0.999290       
167       2045      0.430110       0.445252       0.965990       
184       34        0.360457       0.427553       0.843068       
185       1952      0.408032       0.426889       0.955828       
291       54        0.359811       0.422998       0.850622       
294       975       0.420906       0.427583       0.984385       
305       80        0.398774       0.441348       0.903536       
306       1752      0.431739       0.433920       0.994975       
324       851       0.431782       0.440535       0.980132       
340       418       0.445423       0.449234       0.991518       
358       795       0.424459       0.431376       0.983965       
438       1453      0.422903       0.448381       0.943177       
446       2180      0.440848       0.445296       0.990010       
458       2100      0.337022       0.386054       0.872993       
510       269       0.428646       0.441580       0.970710       
516       108       0.348799       0.399791       0.872453       
533       835       0.434972       0.438539       0.991866       
544       2049      0.375089       0.423814       0.885033       
545       2166      0.417663       0.419725       0.995089       
548       998       0.400144       0.426787       0.937573       
556       91        0.434415       0.441603       0.983723       
579       126       0.374167       0.404288       0.925495       
596       133       0.393707       0.427530       0.920888       
602       884       0.428524       0.435740       0.983441       
610       1256      0.442855       0.447828       0.988894       
618       376       0.431404       0.440604       0.979119       
625       42        0.373600       0.378259       0.987683       
629       417       0.422602       0.449937       0.939246       
635       356       0.421584       0.433059       0.973504       
687       1603      0.425578       0.439009       0.969406       
698       192       0.339581       0.415129       0.818012       
705       211       0.409738       0.433592       0.944986       
710       425       0.400875       0.438832       0.913505       
715       138       0.441610       0.444803       0.992823       
733       1803      0.448087       0.448967       0.998042       
738       248       0.405192       0.416624       0.972561       
750       627       0.398132       0.445518       0.893637       
751       484       0.435397       0.436360       0.997793       
759       238       0.247224       0.395433       0.625199           X     
770       1528      0.441536       0.447009       0.987757       
775       298       0.434983       0.449196       0.968360       
776       298       0.409685       0.434026       0.943919       
778       255       0.346506       0.421472       0.822134       
796       80        0.446275       0.448563       0.994899       
800       271       0.376056       0.419860       0.895671       
814       310       0.275956       0.383175       0.720183           X     
820       1006      0.429641       0.442002       0.972035       
828       307       0.270952       0.417765       0.648574           X     
843       321       0.417074       0.427704       0.975147       
844       344       0.255599       0.312712       0.817361       
852       1195      0.436348       0.448742       0.972381       
853       440       0.404274       0.434862       0.929662       
854       328       0.252022       0.263609       0.956047       
856       320       0.310554       0.367093       0.845980       
868       505       0.441158       0.443220       0.995349       
869       285       0.414279       0.425326       0.974028       
881       1210      0.415686       0.449705       0.924353       
911       346       0.414096       0.437767       0.945927       
928       505       0.381989       0.388509       0.983216       
932       406       0.285705       0.448678       0.636770           X     
933       408       0.209353       0.438016       0.477959           X     
940       399       0.330539       0.399441       0.827504       
944       519       0.395011       0.398096       0.992251       
951       723       0.445505       0.449122       0.991946       
953       654       0.356008       0.419608       0.848431       
962       1170      0.438743       0.446998       0.981533       
1002      542       0.365776       0.435461       0.839974       
1003      439       0.272511       0.444416       0.613190           X     
1007      476       0.341982       0.444685       0.769043           X     
1013      468       0.282728       0.418052       0.676298           X     
1026      469       0.269226       0.437993       0.614680           X     
1040      489       0.242697       0.440466       0.551000           X     
1052      520       0.305649       0.440884       0.693264           X     
1054      535       0.433156       0.445479       0.972337       
1069      547       0.406235       0.416968       0.974261       
1077      546       0.275596       0.362044       0.761223           X     
1091      578       0.290683       0.398005       0.730351           X     
1109      584       0.419708       0.445757       0.941562       
1128      594       0.223759       0.413337       0.541348           X     
1136      623       0.351549       0.386121       0.910463       
1140      625       0.227269       0.391693       0.580223           X     
1150      737       0.391028       0.431359       0.906501       
1153      484       0.438320       0.445465       0.983960       
1163      652       0.371722       0.372919       0.996790       
1175      652       0.279011       0.439831       0.634361           X     
1194      1539      0.402363       0.444443       0.905319       
1201      698       0.427118       0.446420       0.956764       
1211      1327      0.415292       0.431239       0.963021       
1230      400       0.406652       0.427961       0.950207       
1231      735       0.273473       0.437608       0.624926           X     
1232      736       0.277537       0.385982       0.719040           X     
1233      724       0.361892       0.445280       0.812730       
1247      769       0.377487       0.420685       0.897313       
1249      975       0.428340       0.433219       0.988737       
1252      1404      0.416998       0.443037       0.941227       
1276      811       0.357970       0.383087       0.934435       
1287      803       0.436328       0.439545       0.992680       
1340      1954      0.414928       0.425604       0.974914       
1350      856       0.330408       0.415777       0.794674           X     
1351      856       0.190592       0.448419       0.425031           X     
1365      1860      0.445513       0.445731       0.999513       
1371      1571      0.428255       0.444085       0.964354       
1372      212       0.430841       0.449943       0.957545       
1374      1708      0.418418       0.435551       0.960665       
1377      885       0.261608       0.352598       0.741945           X     
1378      886       0.250439       0.401873       0.623179           X     
1395      847       0.439986       0.443124       0.992919       
1419      930       0.337788       0.446832       0.755962           X     
1440      936       0.303442       0.326131       0.930433       
1459      960       0.433958       0.435491       0.996479       
1508      138       0.424027       0.448700       0.945013       
1511      1019      0.438876       0.445998       0.984031       
1512      1039      0.352763       0.421236       0.837446       
1518      1603      0.408635       0.441629       0.925291       
1519      1832      0.348197       0.391093       0.890318       
1520      1036      0.412931       0.427492       0.965938       
1525      1041      0.400905       0.437888       0.915542       
1534      1070      0.316071       0.401659       0.786913           X     
1538      517       0.438560       0.447261       0.980545       
1565      653       0.411904       0.446488       0.922542       
1566      1103      0.377008       0.388028       0.971602       
1580      587       0.402942       0.410061       0.982638       
1602      155       0.398813       0.415475       0.959897       
1607      1616      0.406312       0.424933       0.956180       
1608      1121      0.395106       0.443589       0.890703       
1648      2049      0.414456       0.434519       0.953827       
1665      1550      0.360736       0.445331       0.810041       
1669      1217      0.318182       0.378868       0.839821       
1674      1223      0.376400       0.441645       0.852268       
1675      1241      0.403723       0.413016       0.977501       
1676      1225      0.305548       0.439304       0.695527           X     
1692      1246      0.398394       0.432325       0.921514       
1707      1883      0.397479       0.444766       0.893680       
1715      2021      0.403510       0.425035       0.949355       
1716      346       0.401240       0.425825       0.942265       
1725      1273      0.407963       0.434986       0.937876       
1730      1157      0.438703       0.440912       0.994990       
1733      1283      0.287477       0.396373       0.725267           X     
1768      1338      0.324235       0.387888       0.835898       
1770      1356      0.244265       0.377036       0.647856           X     
1772      1506      0.380379       0.388123       0.980046       
1774      1369      0.418126       0.432098       0.967667       
1795      1369      0.232336       0.407729       0.569831           X     
1803      1915      0.410212       0.436468       0.939843       
1805      1383      0.293229       0.390835       0.750263           X     
1808      1391      0.286578       0.371096       0.772248           X     
1809      1383      0.299992       0.363599       0.825062       
1810      1395      0.188864       0.409068       0.461693           X     
1812      2088      0.432996       0.440025       0.984027       
1815      1407      0.225750       0.413788       0.545568           X     
1824      1426      0.387413       0.406451       0.953160       
1829      1407      0.223412       0.284940       0.784064           X     
1831      1416      0.238896       0.295734       0.807806       
1833      298       0.442195       0.444033       0.995861       
1854      1434      0.351193       0.385742       0.910434       
1868      1452      0.376171       0.432507       0.869744       
1869      1918      0.439201       0.441768       0.994188       
1873      1407      0.357576       0.368894       0.969317       
1874      1475      0.348312       0.428011       0.813792       
1875      1456      0.195407       0.338464       0.577334           X     
1876      1447      0.407174       0.413613       0.984434       
1883      1188      0.439008       0.443802       0.989198       
1900      1491      0.343411       0.358138       0.958879       
1906      155       0.415819       0.416605       0.998114       
1908      1500      0.296492       0.331982       0.893096       
1909      1431      0.400931       0.435362       0.920914       
1910      1599      0.428687       0.431901       0.992558       
1912      1493      0.356418       0.424173       0.840266       
1917      1490      0.395355       0.439689       0.899168       
1920      1506      0.304584       0.339651       0.896758       
1921      1492      0.385638       0.391280       0.985581       
1924      290       0.404883       0.415472       0.974512       
1931      1512      0.288060       0.443926       0.648893           X     
1933      1491      0.384802       0.416409       0.924097       
1938      1513      0.344370       0.449155       0.766707           X     
1939      1506      0.233214       0.384790       0.606082           X     
1940      1507      0.309317       0.379897       0.814214       
1943      1975      0.435185       0.438188       0.993147       
1950      1862      0.420355       0.446078       0.942335       
1952      1524      0.213405       0.434770       0.490846           X     
1955      2070      0.435338       0.439130       0.991365       
1957      1703      0.435171       0.440814       0.987197       
1961      2183      0.419303       0.421330       0.995188       
1964      1524      0.351182       0.421824       0.832531       
1966      1533      0.307630       0.401178       0.766816           X     
1973      1539      0.324365       0.405532       0.799851           X     
1974      1540      0.331277       0.360755       0.918287       
1982      1566      0.382311       0.395814       0.965885       
1987      1568      0.341556       0.444969       0.767595           X     
1988      1556      0.411459       0.423077       0.972540       
1991      1290      0.365324       0.440562       0.829222       
1993      1577      0.306528       0.365153       0.839452       
1994      1971      0.416009       0.449468       0.925558       
1998      1603      0.433772       0.442959       0.979260       
1999      2119      0.380171       0.391921       0.970019       
2001      1575      0.254564       0.428351       0.594289           X     
2007      2152      0.357843       0.368334       0.971518       
2010      1586      0.360862       0.426787       0.845531       
2011      1578      0.359748       0.369173       0.974469       
2016      413       0.400753       0.430755       0.930349       
2035      1527      0.437772       0.445741       0.982122       
2039      1611      0.341337       0.409609       0.833325       
2050      892       0.362261       0.434805       0.833156       
2051      1610      0.214215       0.301851       0.709671           X     
2052      1611      0.135840       0.308857       0.439816           X     
2055      547       0.425567       0.426172       0.998580       
2057      603       0.440679       0.449409       0.980575       
2061      1604      0.385818       0.446632       0.863838       
2071      1450      0.401076       0.423756       0.946478       
2072      155       0.424407       0.437427       0.970236       
2074      1611      0.281427       0.362888       0.775520           X     
2075      1611      0.383377       0.423498       0.905262       
2076      1619      0.376483       0.447615       0.841086       
2078      1620      0.273672       0.446440       0.613009           X     
2079      1621      0.213579       0.438869       0.486658           X     
2085      1629      0.282020       0.427500       0.659696           X     
2091      1643      0.162177       0.301667       0.537604           X     
2099      1654      0.304038       0.379718       0.800696       
2108      1648      0.314099       0.416282       0.754535           X     
2125      2088      0.400791       0.409550       0.978613       
2126      1681      0.357816       0.402505       0.888975       
2127      1861      0.403736       0.418688       0.964289       
2136      1682      0.278157       0.380252       0.731506           X     
2137      1683      0.226370       0.402539       0.562355           X     
2145      1702      0.395180       0.409165       0.965819       
2165      1698      0.442676       0.448676       0.986626       
2166      1702      0.295231       0.308176       0.957994       
2167      1967      0.334951       0.361536       0.926466       
2180      1667      0.382781       0.422515       0.905957       
2189      2130      0.425801       0.429247       0.991971       
2193      1751      0.345947       0.429530       0.805410       
2194      1766      0.409686       0.410645       0.997666       
2195      1734      0.234650       0.379538       0.618252           X     
2197      1735      0.353722       0.411206       0.860205       
2198      1880      0.416006       0.422437       0.984775       
2199      1753      0.306753       0.425206       0.721422           X     
2201      1765      0.272744       0.353270       0.772057           X     
2202      1968      0.315934       0.340968       0.926581       
2205      1747      0.419232       0.437166       0.958977       
2210      155       0.385572       0.402709       0.957446       
2212      1751      0.337219       0.351505       0.959356       
2219      1731      0.426965       0.429161       0.994883       
2223      1776      0.355919       0.444006       0.801610       
2224      1777      0.284628       0.409455       0.695140           X     
2231      1868      0.384806       0.429457       0.896030       
2246      2001      0.335938       0.347014       0.968080       
2252      1643      0.397402       0.407905       0.974250       
2254      1796      0.232729       0.283950       0.819611       
2255      1820      0.349653       0.369860       0.945366       
2256      1807      0.342222       0.378094       0.905124       
2267      1855      0.224037       0.247847       0.903933       
2268      1844      0.398611       0.436154       0.913921       
2281      1868      0.418566       0.421771       0.992402       
2282      2161      0.410751       0.432279       0.950199       
2287      2027      0.400305       0.411745       0.972217       
2293      2147      0.420768       0.421749       0.997673       
2295      1856      0.350243       0.445518       0.786147           X     
2296      1941      0.374960       0.383242       0.978388       
2299      1858      0.406252       0.440821       0.921582       
2302      1868      0.276028       0.437602       0.630773           X     
2303      2072      0.302421       0.329812       0.916948       
2309      1880      0.198997       0.372356       0.534426           X     
2310      2065      0.328992       0.333748       0.985752       
2311      1887      0.394524       0.428725       0.920227       
2314      1884      0.281648       0.415198       0.678345           X     
2315      1885      0.248987       0.371754       0.669763           X     
2316      1889      0.238589       0.372575       0.640378           X     
2317      1870      0.170170       0.270661       0.628723           X     
2322      1968      0.348864       0.355396       0.981619       
2326      1900      0.221667       0.310760       0.713305           X     
2327      1887      0.280710       0.302023       0.929433       
2329      1969      0.405436       0.413449       0.980619       
2330      1904      0.265720       0.331260       0.802149       
2331      1863      0.235497       0.260864       0.902757       
2332      1870      0.203015       0.272243       0.745714           X     
2339      1926      0.370666       0.390139       0.950089       
2343      1870      0.239316       0.293079       0.816559       
2344      1914      0.233459       0.368512       0.633517           X     
2349      1889      0.374933       0.385084       0.973638       
2351      2160      0.416758       0.435915       0.956053       
2352      2030      0.227540       0.249737       0.911120       
2353      1863      0.283485       0.298525       0.949617       
2354      1870      0.243038       0.303785       0.800035       
2362      2182      0.240881       0.269491       0.893837       
2363      1927      0.273163       0.439903       0.620963           X     
2365      1870      0.214181       0.277367       0.772196           X     
2371      2054      0.401799       0.443970       0.905014       
2372      1766      0.382659       0.427061       0.896028       
2373      1967      0.340733       0.409587       0.831895       
2375      2152      0.350717       0.357730       0.980395       
2377      1955      0.359426       0.392336       0.916116       
2378      1949      0.180999       0.295008       0.613538           X     
2388      1961      0.190331       0.223128       0.853013       
2395      2038      0.341328       0.348529       0.979337       
2399      2087      0.373795       0.392924       0.951316       
2406      1682      0.373471       0.437145       0.854343       
2407      1967      0.198597       0.236986       0.838013       
2412      1861      0.386974       0.427487       0.905230       
2415      1667      0.393238       0.402283       0.977517       
2418      1976      0.285847       0.417700       0.684337           X     
2420      912       0.411664       0.423219       0.972698       
2421      2000      0.248482       0.363386       0.683797           X     
2425      1984      0.286235       0.421042       0.679824           X     
2426      2000      0.270392       0.323854       0.834918       
2427      1949      0.368630       0.372723       0.989019       
2428      1961      0.329620       0.331185       0.995274       
2435      2049      0.348292       0.374200       0.930764       
2436      2045      0.413396       0.425993       0.970429       
2437      1520      0.428833       0.443634       0.966636       
2441      2021      0.356236       0.392286       0.908103       
2443      1968      0.290436       0.291345       0.996881       
2449      2034      0.245994       0.356167       0.690672           X     
2450      2031      0.280293       0.351620       0.797147           X     
2455      2036      0.140905       0.363911       0.387197           X     
2458      1651      0.391843       0.398143       0.984176       
2459      1731      0.316165       0.353813       0.893594       
2460      2044      0.212462       0.432813       0.490886           X     
2463      2133      0.448717       0.449054       0.999249       
2466      2054      0.218551       0.368459       0.593148           X     
2469      2050      0.302260       0.388633       0.777753           X     
2472      2200      0.430743       0.435887       0.988198       
2473      2063      0.282272       0.393362       0.717590           X     
2474      2200      0.370018       0.408057       0.906780       
2476      1610      0.357747       0.380048       0.941319       
2477      1870      0.276412       0.361085       0.765506           X     
2479      2060      0.254596       0.369013       0.689936           X     
2480      2063      0.308219       0.423655       0.727525           X     
2481      2119      0.261975       0.339895       0.770754           X     
2482      1861      0.381739       0.414357       0.921281       
2483      2072      0.183460       0.311886       0.588229           X     
2484      2075      0.212258       0.375630       0.565072           X     
2486      1969      0.383674       0.410300       0.935107       
2487      2078      0.322499       0.448695       0.718749           X     
2488      1831      0.331381       0.362135       0.915076       
2491      1831      0.378297       0.409127       0.924646       
2494      2152      0.344375       0.383955       0.896916       
2495      2084      0.278837       0.311355       0.895559       
2497      2086      0.284836       0.369763       0.770322           X     
2498      1820      0.352172       0.382259       0.921291       
2500      2087      0.292788       0.316316       0.925620       
2501      2092      0.236293       0.418848       0.564151           X     
2502      2084      0.308693       0.362310       0.852014       
2503      1870      0.223358       0.267246       0.835774       
2505      2049      0.372605       0.428235       0.870095       
2506      1702      0.297432       0.362084       0.821444       
2507      2101      0.233170       0.256426       0.909309       
2508      2098      0.172023       0.270384       0.636218           X     
2509      2097      0.241439       0.323615       0.746069           X     
2511      2126      0.298774       0.338875       0.881664       
2513      2106      0.349922       0.441290       0.792953           X     
2514      2100      0.272665       0.362168       0.752869           X     
2515      1969      0.354856       0.399972       0.887204       
2518      2088      0.360207       0.368662       0.977065       
2519      2098      0.335650       0.379729       0.883921       
2520      2110      0.150677       0.301199       0.500258           X     
2523      1975      0.351522       0.360474       0.975168       
2524      2093      0.269391       0.294368       0.915151       
2525      2173      0.337492       0.340470       0.991254       
2526      2111      0.381493       0.427155       0.893102       
2528      2120      0.322954       0.397260       0.812954       
2529      2121      0.379169       0.379847       0.998214       
2530      2141      0.433641       0.440495       0.984440       
2531      2119      0.270972       0.370337       0.731692           X     
2534      2124      0.255794       0.390920       0.654339           X     
2535      2114      0.364123       0.377706       0.964038       
2537      2089      0.231846       0.311440       0.744432           X     
2538      2123      0.268749       0.349971       0.767919           X     
2540      1887      0.424560       0.425226       0.998433       
2542      2122      0.266212       0.282606       0.941989       
2544      2133      0.215573       0.263128       0.819270       
2545      2132      0.224865       0.295052       0.762121           X     
2546      2134      0.286893       0.383202       0.748672           X     
2548      2139      0.209772       0.376127       0.557716           X     
2549      2133      0.267153       0.340940       0.783576           X     
2550      2134      0.325236       0.405473       0.802114       
2551      2072      0.342795       0.347265       0.987128       
2556      1901      0.347082       0.400880       0.865799       
2557      1807      0.387755       0.395238       0.981067       
2558      2130      0.400241       0.411580       0.972450       
2559      2136      0.348028       0.360773       0.964672       
2560      2139      0.331087       0.399925       0.827873       
2561      2147      0.327635       0.449206       0.729366           X     
2562      2143      0.182382       0.431817       0.422359           X     
2563      2145      0.194702       0.332547       0.585488           X     
2564      2146      0.336611       0.428693       0.785203           X     
2567      2119      0.391495       0.393992       0.993662       
2570      1870      0.397533       0.438022       0.907563       
2571      2148      0.375132       0.442046       0.848628       
2572      2152      0.152145       0.333894       0.455668           X     
2573      1870      0.353821       0.381304       0.927923       
2574      2154      0.155386       0.289142       0.537403           X     
2576      2150      0.281579       0.423124       0.665477           X     
2577      1718      0.427100       0.437870       0.975404       
2578      2165      0.279520       0.302962       0.922622       
2579      1949      0.410233       0.418293       0.980732       
2580      2152      0.278464       0.279939       0.994730       
2581      2173      0.348339       0.365493       0.953065       
2586      2175      0.364950       0.406629       0.897501       
2589      2015      0.296229       0.339387       0.872835       
2592      1968      0.230464       0.257563       0.894784       
2593      2179      0.370100       0.402095       0.920428       
2597      2183      0.199334       0.284321       0.701087           X     
2598      2189      0.207039       0.360427       0.574427           X     
2599      2184      0.206433       0.220550       0.935991       
2600      1889      0.307499       0.320944       0.958110       
2601      2182      0.222917       0.304134       0.732957           X     
2602      2183      0.183640       0.260950       0.703737           X     
2603      2084      0.265884       0.267502       0.993951       
2604      2187      0.234894       0.260732       0.900902       
2605      2189      0.188451       0.346598       0.543717           X     
2606      2195      0.436429       0.445105       0.980510       
2607      2191      0.358466       0.390422       0.918150       
2608      2188      0.326639       0.330230       0.989127       
2609      1967      0.325174       0.334878       0.971022       
2610      1968      0.271095       0.325207       0.833606       
2611      2191      0.242167       0.298847       0.810337       
2613      2190      0.262245       0.301181       0.870722       
2614      1949      0.304642       0.312895       0.973626       
2615      1967      0.366764       0.399714       0.917565       
2616      2135      0.317506       0.320299       0.991280       
2617      2200      0.275219       0.292536       0.940805       
2618      1949      0.275515       0.280596       0.981893       
2622      2030      0.389523       0.400538       0.972499       
2625      1765      0.335253       0.342275       0.979484       

Number of matches:	116
End time:           13:16:21

====================================================================================================

Start time:			13:24:25
SSD_THRESHOLD:		0.45
RATIO_THRESHOLD:	0.9

img1      img2      1st SSD        2nd SSD        Ratio            Match?  
3         3         0.175298       0.242758       0.722111           X     
25        10        0.301386       0.377665       0.798025           X     
33        14        0.249743       0.447225       0.558428           X     
145       28        0.418239       0.445826       0.938123       
146       28        0.369143       0.380843       0.969280       
161       2011      0.444898       0.445213       0.999290       
167       2045      0.430110       0.445252       0.965990       
184       34        0.360457       0.427553       0.843068           X     
185       1952      0.408032       0.426889       0.955828       
291       54        0.359811       0.422998       0.850622           X     
294       975       0.420906       0.427583       0.984385       
305       80        0.398774       0.441348       0.903536       
306       1752      0.431739       0.433920       0.994975       
324       851       0.431782       0.440535       0.980132       
340       418       0.445423       0.449234       0.991518       
358       795       0.424459       0.431376       0.983965       
438       1453      0.422903       0.448381       0.943177       
446       2180      0.440848       0.445296       0.990010       
458       2100      0.337022       0.386054       0.872993           X     
510       269       0.428646       0.441580       0.970710       
516       108       0.348799       0.399791       0.872453           X     
533       835       0.434972       0.438539       0.991866       
544       2049      0.375089       0.423814       0.885033           X     
545       2166      0.417663       0.419725       0.995089       
548       998       0.400144       0.426787       0.937573       
556       91        0.434415       0.441603       0.983723       
579       126       0.374167       0.404288       0.925495       
596       133       0.393707       0.427530       0.920888       
602       884       0.428524       0.435740       0.983441       
610       1256      0.442855       0.447828       0.988894       
618       376       0.431404       0.440604       0.979119       
625       42        0.373600       0.378259       0.987683       
629       417       0.422602       0.449937       0.939246       
635       356       0.421584       0.433059       0.973504       
687       1603      0.425578       0.439009       0.969406       
698       192       0.339581       0.415129       0.818012           X     
705       211       0.409738       0.433592       0.944986       
710       425       0.400875       0.438832       0.913505       
715       138       0.441610       0.444803       0.992823       
733       1803      0.448087       0.448967       0.998042       
738       248       0.405192       0.416624       0.972561       
750       627       0.398132       0.445518       0.893637           X     
751       484       0.435397       0.436360       0.997793       
759       238       0.247224       0.395433       0.625199           X     
770       1528      0.441536       0.447009       0.987757       
775       298       0.434983       0.449196       0.968360       
776       298       0.409685       0.434026       0.943919       
778       255       0.346506       0.421472       0.822134           X     
796       80        0.446275       0.448563       0.994899       
800       271       0.376056       0.419860       0.895671           X     
814       310       0.275956       0.383175       0.720183           X     
820       1006      0.429641       0.442002       0.972035       
828       307       0.270952       0.417765       0.648574           X     
843       321       0.417074       0.427704       0.975147       
844       344       0.255599       0.312712       0.817361           X     
852       1195      0.436348       0.448742       0.972381       
853       440       0.404274       0.434862       0.929662       
854       328       0.252022       0.263609       0.956047       
856       320       0.310554       0.367093       0.845980           X     
868       505       0.441158       0.443220       0.995349       
869       285       0.414279       0.425326       0.974028       
881       1210      0.415686       0.449705       0.924353       
911       346       0.414096       0.437767       0.945927       
928       505       0.381989       0.388509       0.983216       
932       406       0.285705       0.448678       0.636770           X     
933       408       0.209353       0.438016       0.477959           X     
940       399       0.330539       0.399441       0.827504           X     
944       519       0.395011       0.398096       0.992251       
951       723       0.445505       0.449122       0.991946       
953       654       0.356008       0.419608       0.848431           X     
962       1170      0.438743       0.446998       0.981533       
1002      542       0.365776       0.435461       0.839974           X     
1003      439       0.272511       0.444416       0.613190           X     
1007      476       0.341982       0.444685       0.769043           X     
1013      468       0.282728       0.418052       0.676298           X     
1026      469       0.269226       0.437993       0.614680           X     
1040      489       0.242697       0.440466       0.551000           X     
1052      520       0.305649       0.440884       0.693264           X     
1054      535       0.433156       0.445479       0.972337       
1069      547       0.406235       0.416968       0.974261       
1077      546       0.275596       0.362044       0.761223           X     
1091      578       0.290683       0.398005       0.730351           X     
1109      584       0.419708       0.445757       0.941562       
1128      594       0.223759       0.413337       0.541348           X     
1136      623       0.351549       0.386121       0.910463       
1140      625       0.227269       0.391693       0.580223           X     
1150      737       0.391028       0.431359       0.906501       
1153      484       0.438320       0.445465       0.983960       
1163      652       0.371722       0.372919       0.996790       
1175      652       0.279011       0.439831       0.634361           X     
1194      1539      0.402363       0.444443       0.905319       
1201      698       0.427118       0.446420       0.956764       
1211      1327      0.415292       0.431239       0.963021       
1230      400       0.406652       0.427961       0.950207       
1231      735       0.273473       0.437608       0.624926           X     
1232      736       0.277537       0.385982       0.719040           X     
1233      724       0.361892       0.445280       0.812730           X     
1247      769       0.377487       0.420685       0.897313           X     
1249      975       0.428340       0.433219       0.988737       
1252      1404      0.416998       0.443037       0.941227       
1276      811       0.357970       0.383087       0.934435       
1287      803       0.436328       0.439545       0.992680       
1340      1954      0.414928       0.425604       0.974914       
1350      856       0.330408       0.415777       0.794674           X     
1351      856       0.190592       0.448419       0.425031           X     
1365      1860      0.445513       0.445731       0.999513       
1371      1571      0.428255       0.444085       0.964354       
1372      212       0.430841       0.449943       0.957545       
1374      1708      0.418418       0.435551       0.960665       
1377      885       0.261608       0.352598       0.741945           X     
1378      886       0.250439       0.401873       0.623179           X     
1395      847       0.439986       0.443124       0.992919       
1419      930       0.337788       0.446832       0.755962           X     
1440      936       0.303442       0.326131       0.930433       
1459      960       0.433958       0.435491       0.996479       
1508      138       0.424027       0.448700       0.945013       
1511      1019      0.438876       0.445998       0.984031       
1512      1039      0.352763       0.421236       0.837446           X     
1518      1603      0.408635       0.441629       0.925291       
1519      1832      0.348197       0.391093       0.890318           X     
1520      1036      0.412931       0.427492       0.965938       
1525      1041      0.400905       0.437888       0.915542       
1534      1070      0.316071       0.401659       0.786913           X     
1538      517       0.438560       0.447261       0.980545       
1565      653       0.411904       0.446488       0.922542       
1566      1103      0.377008       0.388028       0.971602       
1580      587       0.402942       0.410061       0.982638       
1602      155       0.398813       0.415475       0.959897       
1607      1616      0.406312       0.424933       0.956180       
1608      1121      0.395106       0.443589       0.890703           X     
1648      2049      0.414456       0.434519       0.953827       
1665      1550      0.360736       0.445331       0.810041           X     
1669      1217      0.318182       0.378868       0.839821           X     
1674      1223      0.376400       0.441645       0.852268           X     
1675      1241      0.403723       0.413016       0.977501       
1676      1225      0.305548       0.439304       0.695527           X     
1692      1246      0.398394       0.432325       0.921514       
1707      1883      0.397479       0.444766       0.893680           X     
1715      2021      0.403510       0.425035       0.949355       
1716      346       0.401240       0.425825       0.942265       
1725      1273      0.407963       0.434986       0.937876       
1730      1157      0.438703       0.440912       0.994990       
1733      1283      0.287477       0.396373       0.725267           X     
1768      1338      0.324235       0.387888       0.835898           X     
1770      1356      0.244265       0.377036       0.647856           X     
1772      1506      0.380379       0.388123       0.980046       
1774      1369      0.418126       0.432098       0.967667       
1795      1369      0.232336       0.407729       0.569831           X     
1803      1915      0.410212       0.436468       0.939843       
1805      1383      0.293229       0.390835       0.750263           X     
1808      1391      0.286578       0.371096       0.772248           X     
1809      1383      0.299992       0.363599       0.825062           X     
1810      1395      0.188864       0.409068       0.461693           X     
1812      2088      0.432996       0.440025       0.984027       
1815      1407      0.225750       0.413788       0.545568           X     
1824      1426      0.387413       0.406451       0.953160       
1829      1407      0.223412       0.284940       0.784064           X     
1831      1416      0.238896       0.295734       0.807806           X     
1833      298       0.442195       0.444033       0.995861       
1854      1434      0.351193       0.385742       0.910434       
1868      1452      0.376171       0.432507       0.869744           X     
1869      1918      0.439201       0.441768       0.994188       
1873      1407      0.357576       0.368894       0.969317       
1874      1475      0.348312       0.428011       0.813792           X     
1875      1456      0.195407       0.338464       0.577334           X     
1876      1447      0.407174       0.413613       0.984434       
1883      1188      0.439008       0.443802       0.989198       
1900      1491      0.343411       0.358138       0.958879       
1906      155       0.415819       0.416605       0.998114       
1908      1500      0.296492       0.331982       0.893096           X     
1909      1431      0.400931       0.435362       0.920914       
1910      1599      0.428687       0.431901       0.992558       
1912      1493      0.356418       0.424173       0.840266           X     
1917      1490      0.395355       0.439689       0.899168           X     
1920      1506      0.304584       0.339651       0.896758           X     
1921      1492      0.385638       0.391280       0.985581       
1924      290       0.404883       0.415472       0.974512       
1931      1512      0.288060       0.443926       0.648893           X     
1933      1491      0.384802       0.416409       0.924097       
1938      1513      0.344370       0.449155       0.766707           X     
1939      1506      0.233214       0.384790       0.606082           X     
1940      1507      0.309317       0.379897       0.814214           X     
1943      1975      0.435185       0.438188       0.993147       
1950      1862      0.420355       0.446078       0.942335       
1952      1524      0.213405       0.434770       0.490846           X     
1955      2070      0.435338       0.439130       0.991365       
1957      1703      0.435171       0.440814       0.987197       
1961      2183      0.419303       0.421330       0.995188       
1964      1524      0.351182       0.421824       0.832531           X     
1966      1533      0.307630       0.401178       0.766816           X     
1973      1539      0.324365       0.405532       0.799851           X     
1974      1540      0.331277       0.360755       0.918287       
1982      1566      0.382311       0.395814       0.965885       
1987      1568      0.341556       0.444969       0.767595           X     
1988      1556      0.411459       0.423077       0.972540       
1991      1290      0.365324       0.440562       0.829222           X     
1993      1577      0.306528       0.365153       0.839452           X     
1994      1971      0.416009       0.449468       0.925558       
1998      1603      0.433772       0.442959       0.979260       
1999      2119      0.380171       0.391921       0.970019       
2001      1575      0.254564       0.428351       0.594289           X     
2007      2152      0.357843       0.368334       0.971518       
2010      1586      0.360862       0.426787       0.845531           X     
2011      1578      0.359748       0.369173       0.974469       
2016      413       0.400753       0.430755       0.930349       
2035      1527      0.437772       0.445741       0.982122       
2039      1611      0.341337       0.409609       0.833325           X     
2050      892       0.362261       0.434805       0.833156           X     
2051      1610      0.214215       0.301851       0.709671           X     
2052      1611      0.135840       0.308857       0.439816           X     
2055      547       0.425567       0.426172       0.998580       
2057      603       0.440679       0.449409       0.980575       
2061      1604      0.385818       0.446632       0.863838           X     
2071      1450      0.401076       0.423756       0.946478       
2072      155       0.424407       0.437427       0.970236       
2074      1611      0.281427       0.362888       0.775520           X     
2075      1611      0.383377       0.423498       0.905262       
2076      1619      0.376483       0.447615       0.841086           X     
2078      1620      0.273672       0.446440       0.613009           X     
2079      1621      0.213579       0.438869       0.486658           X     
2085      1629      0.282020       0.427500       0.659696           X     
2091      1643      0.162177       0.301667       0.537604           X     
2099      1654      0.304038       0.379718       0.800696           X     
2108      1648      0.314099       0.416282       0.754535           X     
2125      2088      0.400791       0.409550       0.978613       
2126      1681      0.357816       0.402505       0.888975           X     
2127      1861      0.403736       0.418688       0.964289       
2136      1682      0.278157       0.380252       0.731506           X     
2137      1683      0.226370       0.402539       0.562355           X     
2145      1702      0.395180       0.409165       0.965819       
2165      1698      0.442676       0.448676       0.986626       
2166      1702      0.295231       0.308176       0.957994       
2167      1967      0.334951       0.361536       0.926466       
2180      1667      0.382781       0.422515       0.905957       
2189      2130      0.425801       0.429247       0.991971       
2193      1751      0.345947       0.429530       0.805410           X     
2194      1766      0.409686       0.410645       0.997666       
2195      1734      0.234650       0.379538       0.618252           X     
2197      1735      0.353722       0.411206       0.860205           X     
2198      1880      0.416006       0.422437       0.984775       
2199      1753      0.306753       0.425206       0.721422           X     
2201      1765      0.272744       0.353270       0.772057           X     
2202      1968      0.315934       0.340968       0.926581       
2205      1747      0.419232       0.437166       0.958977       
2210      155       0.385572       0.402709       0.957446       
2212      1751      0.337219       0.351505       0.959356       
2219      1731      0.426965       0.429161       0.994883       
2223      1776      0.355919       0.444006       0.801610           X     
2224      1777      0.284628       0.409455       0.695140           X     
2231      1868      0.384806       0.429457       0.896030           X     
2246      2001      0.335938       0.347014       0.968080       
2252      1643      0.397402       0.407905       0.974250       
2254      1796      0.232729       0.283950       0.819611           X     
2255      1820      0.349653       0.369860       0.945366       
2256      1807      0.342222       0.378094       0.905124       
2267      1855      0.224037       0.247847       0.903933       
2268      1844      0.398611       0.436154       0.913921       
2281      1868      0.418566       0.421771       0.992402       
2282      2161      0.410751       0.432279       0.950199       
2287      2027      0.400305       0.411745       0.972217       
2293      2147      0.420768       0.421749       0.997673       
2295      1856      0.350243       0.445518       0.786147           X     
2296      1941      0.374960       0.383242       0.978388       
2299      1858      0.406252       0.440821       0.921582       
2302      1868      0.276028       0.437602       0.630773           X     
2303      2072      0.302421       0.329812       0.916948       
2309      1880      0.198997       0.372356       0.534426           X     
2310      2065      0.328992       0.333748       0.985752       
2311      1887      0.394524       0.428725       0.920227       
2314      1884      0.281648       0.415198       0.678345           X     
2315      1885      0.248987       0.371754       0.669763           X     
2316      1889      0.238589       0.372575       0.640378           X     
2317      1870      0.170170       0.270661       0.628723           X     
2322      1968      0.348864       0.355396       0.981619       
2326      1900      0.221667       0.310760       0.713305           X     
2327      1887      0.280710       0.302023       0.929433       
2329      1969      0.405436       0.413449       0.980619       
2330      1904      0.265720       0.331260       0.802149           X     
2331      1863      0.235497       0.260864       0.902757       
2332      1870      0.203015       0.272243       0.745714           X     
2339      1926      0.370666       0.390139       0.950089       
2343      1870      0.239316       0.293079       0.816559           X     
2344      1914      0.233459       0.368512       0.633517           X     
2349      1889      0.374933       0.385084       0.973638       
2351      2160      0.416758       0.435915       0.956053       
2352      2030      0.227540       0.249737       0.911120       
2353      1863      0.283485       0.298525       0.949617       
2354      1870      0.243038       0.303785       0.800035           X     
2362      2182      0.240881       0.269491       0.893837           X     
2363      1927      0.273163       0.439903       0.620963           X     
2365      1870      0.214181       0.277367       0.772196           X     
2371      2054      0.401799       0.443970       0.905014       
2372      1766      0.382659       0.427061       0.896028           X     
2373      1967      0.340733       0.409587       0.831895           X     
2375      2152      0.350717       0.357730       0.980395       
2377      1955      0.359426       0.392336       0.916116       
2378      1949      0.180999       0.295008       0.613538           X     
2388      1961      0.190331       0.223128       0.853013           X     
2395      2038      0.341328       0.348529       0.979337       
2399      2087      0.373795       0.392924       0.951316       
2406      1682      0.373471       0.437145       0.854343           X     
2407      1967      0.198597       0.236986       0.838013           X     
2412      1861      0.386974       0.427487       0.905230       
2415      1667      0.393238       0.402283       0.977517       
2418      1976      0.285847       0.417700       0.684337           X     
2420      912       0.411664       0.423219       0.972698       
2421      2000      0.248482       0.363386       0.683797           X     
2425      1984      0.286235       0.421042       0.679824           X     
2426      2000      0.270392       0.323854       0.834918           X     
2427      1949      0.368630       0.372723       0.989019       
2428      1961      0.329620       0.331185       0.995274       
2435      2049      0.348292       0.374200       0.930764       
2436      2045      0.413396       0.425993       0.970429       
2437      1520      0.428833       0.443634       0.966636       
2441      2021      0.356236       0.392286       0.908103       
2443      1968      0.290436       0.291345       0.996881       
2449      2034      0.245994       0.356167       0.690672           X     
2450      2031      0.280293       0.351620       0.797147           X     
2455      2036      0.140905       0.363911       0.387197           X     
2458      1651      0.391843       0.398143       0.984176       
2459      1731      0.316165       0.353813       0.893594           X     
2460      2044      0.212462       0.432813       0.490886           X     
2463      2133      0.448717       0.449054       0.999249       
2466      2054      0.218551       0.368459       0.593148           X     
2469      2050      0.302260       0.388633       0.777753           X     
2472      2200      0.430743       0.435887       0.988198       
2473      2063      0.282272       0.393362       0.717590           X     
2474      2200      0.370018       0.408057       0.906780       
2476      1610      0.357747       0.380048       0.941319       
2477      1870      0.276412       0.361085       0.765506           X     
2479      2060      0.254596       0.369013       0.689936           X     
2480      2063      0.308219       0.423655       0.727525           X     
2481      2119      0.261975       0.339895       0.770754           X     
2482      1861      0.381739       0.414357       0.921281       
2483      2072      0.183460       0.311886       0.588229           X     
2484      2075      0.212258       0.375630       0.565072           X     
2486      1969      0.383674       0.410300       0.935107       
2487      2078      0.322499       0.448695       0.718749           X     
2488      1831      0.331381       0.362135       0.915076       
2491      1831      0.378297       0.409127       0.924646       
2494      2152      0.344375       0.383955       0.896916           X     
2495      2084      0.278837       0.311355       0.895559           X     
2497      2086      0.284836       0.369763       0.770322           X     
2498      1820      0.352172       0.382259       0.921291       
2500      2087      0.292788       0.316316       0.925620       
2501      2092      0.236293       0.418848       0.564151           X     
2502      2084      0.308693       0.362310       0.852014           X     
2503      1870      0.223358       0.267246       0.835774           X     
2505      2049      0.372605       0.428235       0.870095           X     
2506      1702      0.297432       0.362084       0.821444           X     
2507      2101      0.233170       0.256426       0.909309       
2508      2098      0.172023       0.270384       0.636218           X     
2509      2097      0.241439       0.323615       0.746069           X     
2511      2126      0.298774       0.338875       0.881664           X     
2513      2106      0.349922       0.441290       0.792953           X     
2514      2100      0.272665       0.362168       0.752869           X     
2515      1969      0.354856       0.399972       0.887204           X     
2518      2088      0.360207       0.368662       0.977065       
2519      2098      0.335650       0.379729       0.883921           X     
2520      2110      0.150677       0.301199       0.500258           X     
2523      1975      0.351522       0.360474       0.975168       
2524      2093      0.269391       0.294368       0.915151       
2525      2173      0.337492       0.340470       0.991254       
2526      2111      0.381493       0.427155       0.893102           X     
2528      2120      0.322954       0.397260       0.812954           X     
2529      2121      0.379169       0.379847       0.998214       
2530      2141      0.433641       0.440495       0.984440       
2531      2119      0.270972       0.370337       0.731692           X     
2534      2124      0.255794       0.390920       0.654339           X     
2535      2114      0.364123       0.377706       0.964038       
2537      2089      0.231846       0.311440       0.744432           X     
2538      2123      0.268749       0.349971       0.767919           X     
2540      1887      0.424560       0.425226       0.998433       
2542      2122      0.266212       0.282606       0.941989       
2544      2133      0.215573       0.263128       0.819270           X     
2545      2132      0.224865       0.295052       0.762121           X     
2546      2134      0.286893       0.383202       0.748672           X     
2548      2139      0.209772       0.376127       0.557716           X     
2549      2133      0.267153       0.340940       0.783576           X     
2550      2134      0.325236       0.405473       0.802114           X     
2551      2072      0.342795       0.347265       0.987128       
2556      1901      0.347082       0.400880       0.865799           X     
2557      1807      0.387755       0.395238       0.981067       
2558      2130      0.400241       0.411580       0.972450       
2559      2136      0.348028       0.360773       0.964672       
2560      2139      0.331087       0.399925       0.827873           X     
2561      2147      0.327635       0.449206       0.729366           X     
2562      2143      0.182382       0.431817       0.422359           X     
2563      2145      0.194702       0.332547       0.585488           X     
2564      2146      0.336611       0.428693       0.785203           X     
2567      2119      0.391495       0.393992       0.993662       
2570      1870      0.397533       0.438022       0.907563       
2571      2148      0.375132       0.442046       0.848628           X     
2572      2152      0.152145       0.333894       0.455668           X     
2573      1870      0.353821       0.381304       0.927923       
2574      2154      0.155386       0.289142       0.537403           X     
2576      2150      0.281579       0.423124       0.665477           X     
2577      1718      0.427100       0.437870       0.975404       
2578      2165      0.279520       0.302962       0.922622       
2579      1949      0.410233       0.418293       0.980732       
2580      2152      0.278464       0.279939       0.994730       
2581      2173      0.348339       0.365493       0.953065       
2586      2175      0.364950       0.406629       0.897501           X     
2589      2015      0.296229       0.339387       0.872835           X     
2592      1968      0.230464       0.257563       0.894784           X     
2593      2179      0.370100       0.402095       0.920428       
2597      2183      0.199334       0.284321       0.701087           X     
2598      2189      0.207039       0.360427       0.574427           X     
2599      2184      0.206433       0.220550       0.935991       
2600      1889      0.307499       0.320944       0.958110       
2601      2182      0.222917       0.304134       0.732957           X     
2602      2183      0.183640       0.260950       0.703737           X     
2603      2084      0.265884       0.267502       0.993951       
2604      2187      0.234894       0.260732       0.900902       
2605      2189      0.188451       0.346598       0.543717           X     
2606      2195      0.436429       0.445105       0.980510       
2607      2191      0.358466       0.390422       0.918150       
2608      2188      0.326639       0.330230       0.989127       
2609      1967      0.325174       0.334878       0.971022       
2610      1968      0.271095       0.325207       0.833606           X     
2611      2191      0.242167       0.298847       0.810337           X     
2613      2190      0.262245       0.301181       0.870722           X     
2614      1949      0.304642       0.312895       0.973626       
2615      1967      0.366764       0.399714       0.917565       
2616      2135      0.317506       0.320299       0.991280       
2617      2200      0.275219       0.292536       0.940805       
2618      1949      0.275515       0.280596       0.981893       
2622      2030      0.389523       0.400538       0.972499       
2625      1765      0.335253       0.342275       0.979484       

Number of matches:	197
End time:			13:28:17

====================================================================================================

